[gd_scene load_steps=20 format=3 uid="uid://ohpw6wyvh733"]

[ext_resource type="PackedScene" uid="uid://cnq8iiyk2thkt" path="res://scenes/environment/world_environment.tscn" id="1_i4ao7"]
[ext_resource type="Texture2D" uid="uid://cpwk408t7cyrl" path="res://addons/kenney_prototype_textures/dark/texture_06.png" id="2_dlegt"]
[ext_resource type="PackedScene" uid="uid://xx5khakdrq0m" path="res://scenes/player/player_controller.tscn" id="2_hdc4b"]
[ext_resource type="Texture2D" uid="uid://dkgbyqfc3ewmb" path="res://addons/kenney_prototype_textures/orange/texture_10.png" id="3_5fg1r"]
[ext_resource type="Texture2D" uid="uid://b2hx5pkx0x12v" path="res://addons/kenney_prototype_textures/green/texture_02.png" id="3_gmdqk"]
[ext_resource type="Texture2D" uid="uid://cf6y1afx405a1" path="res://addons/kenney_prototype_textures/light/texture_08.png" id="5_pgrfv"]

[sub_resource type="StandardMaterial3D" id="StandardMaterial3D_hdc4b"]
albedo_texture = ExtResource("2_dlegt")
uv1_triplanar = true

[sub_resource type="PlaneMesh" id="PlaneMesh_i4ao7"]
material = SubResource("StandardMaterial3D_hdc4b")
size = Vector2(40, 40)

[sub_resource type="WorldBoundaryShape3D" id="WorldBoundaryShape3D_i4ao7"]

[sub_resource type="BoxMesh" id="BoxMesh_hdc4b"]
size = Vector3(2, 0.3, 2)

[sub_resource type="StandardMaterial3D" id="StandardMaterial3D_pgrfv"]
albedo_texture = ExtResource("3_5fg1r")
uv1_triplanar = true

[sub_resource type="BoxShape3D" id="BoxShape3D_i4ao7"]
size = Vector3(2, 0.3, 2)

[sub_resource type="BoxMesh" id="BoxMesh_dlegt"]
size = Vector3(3, 0.5, 3.5)

[sub_resource type="StandardMaterial3D" id="StandardMaterial3D_5fg1r"]
albedo_texture = ExtResource("3_gmdqk")
uv1_triplanar = true

[sub_resource type="BoxShape3D" id="BoxShape3D_gmdqk"]
size = Vector3(3, 0.5, 3.5)

[sub_resource type="BoxShape3D" id="BoxShape3D_5fg1r"]
size = Vector3(2, 2, 3)

[sub_resource type="BoxMesh" id="BoxMesh_pgrfv"]
size = Vector3(2, 2, 3)

[sub_resource type="BoxMesh" id="BoxMesh_2l33n"]
size = Vector3(1, 3, 1.5)

[sub_resource type="StandardMaterial3D" id="StandardMaterial3D_2l33n"]
albedo_texture = ExtResource("5_pgrfv")
uv1_triplanar = true

[node name="ProtoTypeLevel" type="Node3D"]
transform = Transform3D(1, 0, 0, 0, 1, 0, 0, 0, 1, 0, 0, -0.00550067)

[node name="WorldEnvironment" parent="." instance=ExtResource("1_i4ao7")]

[node name="Geometry" type="Node3D" parent="."]

[node name="Floor" type="StaticBody3D" parent="Geometry"]

[node name="MeshInstance3D" type="MeshInstance3D" parent="Geometry/Floor"]
mesh = SubResource("PlaneMesh_i4ao7")
skeleton = NodePath("../..")

[node name="CollisionShape3D" type="CollisionShape3D" parent="Geometry/Floor"]
shape = SubResource("WorldBoundaryShape3D_i4ao7")

[node name="CrouchCheck" type="StaticBody3D" parent="Geometry"]
transform = Transform3D(1, 0, 0, 0, 1, 0, 0, 0, 1, 0, 1.5, 1)

[node name="MeshInstance3D2" type="MeshInstance3D" parent="Geometry/CrouchCheck"]
mesh = SubResource("BoxMesh_hdc4b")
skeleton = NodePath("../..")
surface_material_override/0 = SubResource("StandardMaterial3D_pgrfv")

[node name="CollisionShape3D" type="CollisionShape3D" parent="Geometry/CrouchCheck"]
shape = SubResource("BoxShape3D_i4ao7")

[node name="CrouchCheck2" type="StaticBody3D" parent="Geometry"]
transform = Transform3D(1, 0, 0, 0, 1, 0, 0, 0, 1, 0, 1, -3)

[node name="MeshInstance3D2" type="MeshInstance3D" parent="Geometry/CrouchCheck2"]
mesh = SubResource("BoxMesh_hdc4b")
skeleton = NodePath("../..")
surface_material_override/0 = SubResource("StandardMaterial3D_pgrfv")

[node name="CollisionShape3D" type="CollisionShape3D" parent="Geometry/CrouchCheck2"]
shape = SubResource("BoxShape3D_i4ao7")

[node name="Jump Check" type="StaticBody3D" parent="Geometry"]
transform = Transform3D(1, 0, 0, 0, 1, 0, 0, 0, 1, -3, 0, 0)

[node name="MeshInstance3D" type="MeshInstance3D" parent="Geometry/Jump Check"]
transform = Transform3D(1, 0, 0, 0, 1, 0, 0, 0, 1, 0, 0.2, 0)
mesh = SubResource("BoxMesh_dlegt")
surface_material_override/0 = SubResource("StandardMaterial3D_5fg1r")

[node name="CollisionShape3D" type="CollisionShape3D" parent="Geometry/Jump Check"]
shape = SubResource("BoxShape3D_gmdqk")

[node name="StaticBody3D" type="StaticBody3D" parent="Geometry"]
transform = Transform3D(1, 0, 0, 0, 0.939693, 0.34202, 0, -0.34202, 0.939693, 5, -0.429327, 0)

[node name="CollisionShape3D" type="CollisionShape3D" parent="Geometry/StaticBody3D"]
shape = SubResource("BoxShape3D_5fg1r")

[node name="MeshInstance3D" type="MeshInstance3D" parent="Geometry/StaticBody3D"]
mesh = SubResource("BoxMesh_pgrfv")
surface_material_override/0 = SubResource("StandardMaterial3D_5fg1r")

[node name="RandomBLokcs" type="Node3D" parent="Geometry"]

[node name="Blob1" type="Node3D" parent="Geometry/RandomBLokcs"]
transform = Transform3D(0.983486, 0.180983, 0, -0.180983, 0.983486, 0, 0, 0, 1, 13, -0.9, 0)

[node name="MeshInstance3D" type="MeshInstance3D" parent="Geometry/RandomBLokcs/Blob1"]
transform = Transform3D(0.708019, 0, 0.706193, 0, 1, 0, -0.706193, 0, 0.708019, -1, 2, 0)
mesh = SubResource("BoxMesh_2l33n")
skeleton = NodePath("")
surface_material_override/0 = SubResource("StandardMaterial3D_2l33n")

[node name="MeshInstance3D2" type="MeshInstance3D" parent="Geometry/RandomBLokcs/Blob1"]
transform = Transform3D(0.990584, 0, -0.136909, 0, 1, 0, 0.136909, 0, 0.990584, -1, 2, -1)
mesh = SubResource("BoxMesh_2l33n")
skeleton = NodePath("")
surface_material_override/0 = SubResource("StandardMaterial3D_2l33n")

[node name="MeshInstance3D3" type="MeshInstance3D" parent="Geometry/RandomBLokcs/Blob1"]
transform = Transform3D(-0.158417, 0, 0.987372, 0, 1, 0, -0.987372, 0, -0.158417, -0.107636, 2, 0.938494)
mesh = SubResource("BoxMesh_2l33n")
skeleton = NodePath("")
surface_material_override/0 = SubResource("StandardMaterial3D_2l33n")

[node name="MeshInstance3D4" type="MeshInstance3D" parent="Geometry/RandomBLokcs/Blob1"]
transform = Transform3D(-0.993816, 0, 0.111035, 0, 1, 0, -0.111035, 0, -0.993816, 1.1, 2, 0.6)
mesh = SubResource("BoxMesh_2l33n")
skeleton = NodePath("")
surface_material_override/0 = SubResource("StandardMaterial3D_2l33n")

[node name="MeshInstance3D5" type="MeshInstance3D" parent="Geometry/RandomBLokcs/Blob1"]
transform = Transform3D(-0.350469, 0, 0.936574, 0, 1, 0, -0.936574, 0, -0.350469, 2.1, 2, -0.4)
mesh = SubResource("BoxMesh_2l33n")
skeleton = NodePath("")
surface_material_override/0 = SubResource("StandardMaterial3D_2l33n")

[node name="MeshInstance3D6" type="MeshInstance3D" parent="Geometry/RandomBLokcs/Blob1"]
transform = Transform3D(0.62674, 0, 0.779229, 0, 1, 0, -0.779229, 0, 0.62674, 0.599999, 2, -0.7)
mesh = SubResource("BoxMesh_2l33n")
skeleton = NodePath("")
surface_material_override/0 = SubResource("StandardMaterial3D_2l33n")

[node name="MeshInstance3D7" type="MeshInstance3D" parent="Geometry/RandomBLokcs/Blob1"]
transform = Transform3D(0.153158, 0, 0.988202, 0, 1, 0, -0.988202, 0, 0.153158, -0.1, 2, -1.7)
mesh = SubResource("BoxMesh_2l33n")
skeleton = NodePath("")
surface_material_override/0 = SubResource("StandardMaterial3D_2l33n")

[node name="Blob8" type="Node3D" parent="Geometry/RandomBLokcs"]
transform = Transform3D(0.983486, 0.180983, 0, -0.180983, 0.983486, 0, 0, 0, 1, 18, -0.9, 7)

[node name="MeshInstance3D" type="MeshInstance3D" parent="Geometry/RandomBLokcs/Blob8"]
transform = Transform3D(0.708019, 0, 0.706193, 0, 1, 0, -0.706193, 0, 0.708019, -1, 2, 0)
mesh = SubResource("BoxMesh_2l33n")
skeleton = NodePath("")
surface_material_override/0 = SubResource("StandardMaterial3D_2l33n")

[node name="MeshInstance3D2" type="MeshInstance3D" parent="Geometry/RandomBLokcs/Blob8"]
transform = Transform3D(0.990584, 0, -0.136909, 0, 1, 0, 0.136909, 0, 0.990584, -1, 2, -1)
mesh = SubResource("BoxMesh_2l33n")
skeleton = NodePath("")
surface_material_override/0 = SubResource("StandardMaterial3D_2l33n")

[node name="MeshInstance3D3" type="MeshInstance3D" parent="Geometry/RandomBLokcs/Blob8"]
transform = Transform3D(-0.158417, 0, 0.987372, 0, 1, 0, -0.987372, 0, -0.158417, -0.107636, 2, 0.938494)
mesh = SubResource("BoxMesh_2l33n")
skeleton = NodePath("")
surface_material_override/0 = SubResource("StandardMaterial3D_2l33n")

[node name="MeshInstance3D4" type="MeshInstance3D" parent="Geometry/RandomBLokcs/Blob8"]
transform = Transform3D(-0.993816, 0, 0.111035, 0, 1, 0, -0.111035, 0, -0.993816, 1.1, 2, 0.6)
mesh = SubResource("BoxMesh_2l33n")
skeleton = NodePath("")
surface_material_override/0 = SubResource("StandardMaterial3D_2l33n")

[node name="MeshInstance3D5" type="MeshInstance3D" parent="Geometry/RandomBLokcs/Blob8"]
transform = Transform3D(-0.350469, 0, 0.936574, 0, 1, 0, -0.936574, 0, -0.350469, 2.1, 2, -0.4)
mesh = SubResource("BoxMesh_2l33n")
skeleton = NodePath("")
surface_material_override/0 = SubResource("StandardMaterial3D_2l33n")

[node name="MeshInstance3D6" type="MeshInstance3D" parent="Geometry/RandomBLokcs/Blob8"]
transform = Transform3D(0.62674, 0, 0.779229, 0, 1, 0, -0.779229, 0, 0.62674, 0.599999, 2, -0.7)
mesh = SubResource("BoxMesh_2l33n")
skeleton = NodePath("")
surface_material_override/0 = SubResource("StandardMaterial3D_2l33n")

[node name="MeshInstance3D7" type="MeshInstance3D" parent="Geometry/RandomBLokcs/Blob8"]
transform = Transform3D(0.153158, 0, 0.988202, 0, 1, 0, -0.988202, 0, 0.153158, -0.1, 2, -1.7)
mesh = SubResource("BoxMesh_2l33n")
skeleton = NodePath("")
surface_material_override/0 = SubResource("StandardMaterial3D_2l33n")

[node name="Blob2" type="Node3D" parent="Geometry/RandomBLokcs"]
transform = Transform3D(0.540976, 0.25, 0.803023, 0.0870969, 0.933013, -0.349144, -0.836516, 0.258819, 0.482963, 11, -1.1, 7)

[node name="MeshInstance3D" type="MeshInstance3D" parent="Geometry/RandomBLokcs/Blob2"]
transform = Transform3D(0.708019, 0, 0.706193, 0, 1, 0, -0.706193, 0, 0.708019, -1, 2, 0)
mesh = SubResource("BoxMesh_2l33n")
skeleton = NodePath("")
surface_material_override/0 = SubResource("StandardMaterial3D_2l33n")

[node name="MeshInstance3D2" type="MeshInstance3D" parent="Geometry/RandomBLokcs/Blob2"]
transform = Transform3D(0.990584, 0, -0.136909, 0, 1, 0, 0.136909, 0, 0.990584, -1, 2, -1)
mesh = SubResource("BoxMesh_2l33n")
skeleton = NodePath("")
surface_material_override/0 = SubResource("StandardMaterial3D_2l33n")

[node name="MeshInstance3D3" type="MeshInstance3D" parent="Geometry/RandomBLokcs/Blob2"]
transform = Transform3D(-0.158417, 0, 0.987372, 0, 1, 0, -0.987372, 0, -0.158417, -0.107636, 2, 0.938494)
mesh = SubResource("BoxMesh_2l33n")
skeleton = NodePath("")
surface_material_override/0 = SubResource("StandardMaterial3D_2l33n")

[node name="MeshInstance3D4" type="MeshInstance3D" parent="Geometry/RandomBLokcs/Blob2"]
transform = Transform3D(-0.993816, 0, 0.111035, 0, 1, 0, -0.111035, 0, -0.993816, 1.1, 2, 0.6)
mesh = SubResource("BoxMesh_2l33n")
skeleton = NodePath("")
surface_material_override/0 = SubResource("StandardMaterial3D_2l33n")

[node name="MeshInstance3D5" type="MeshInstance3D" parent="Geometry/RandomBLokcs/Blob2"]
transform = Transform3D(-0.350469, 0, 0.936574, 0, 1, 0, -0.936574, 0, -0.350469, 2.1, 2, -0.4)
mesh = SubResource("BoxMesh_2l33n")
skeleton = NodePath("")
surface_material_override/0 = SubResource("StandardMaterial3D_2l33n")

[node name="MeshInstance3D6" type="MeshInstance3D" parent="Geometry/RandomBLokcs/Blob2"]
transform = Transform3D(0.62674, 0, 0.779229, 0, 1, 0, -0.779229, 0, 0.62674, 0.599999, 2, -0.7)
mesh = SubResource("BoxMesh_2l33n")
skeleton = NodePath("")
surface_material_override/0 = SubResource("StandardMaterial3D_2l33n")

[node name="MeshInstance3D7" type="MeshInstance3D" parent="Geometry/RandomBLokcs/Blob2"]
transform = Transform3D(0.153158, 0, 0.988202, 0, 1, 0, -0.988202, 0, 0.153158, -0.1, 2, -1.7)
mesh = SubResource("BoxMesh_2l33n")
skeleton = NodePath("")
surface_material_override/0 = SubResource("StandardMaterial3D_2l33n")

[node name="Blob7" type="Node3D" parent="Geometry/RandomBLokcs"]
transform = Transform3D(0.540976, 0.25, 0.803023, 0.0870969, 0.933013, -0.349144, -0.836516, 0.258819, 0.482963, 17, -1.1, -9)

[node name="MeshInstance3D" type="MeshInstance3D" parent="Geometry/RandomBLokcs/Blob7"]
transform = Transform3D(0.708019, 0, 0.706193, 0, 1, 0, -0.706193, 0, 0.708019, -1, 2, 0)
mesh = SubResource("BoxMesh_2l33n")
skeleton = NodePath("")
surface_material_override/0 = SubResource("StandardMaterial3D_2l33n")

[node name="MeshInstance3D2" type="MeshInstance3D" parent="Geometry/RandomBLokcs/Blob7"]
transform = Transform3D(0.990584, 0, -0.136909, 0, 1, 0, 0.136909, 0, 0.990584, -1, 2, -1)
mesh = SubResource("BoxMesh_2l33n")
skeleton = NodePath("")
surface_material_override/0 = SubResource("StandardMaterial3D_2l33n")

[node name="MeshInstance3D3" type="MeshInstance3D" parent="Geometry/RandomBLokcs/Blob7"]
transform = Transform3D(-0.158417, 0, 0.987372, 0, 1, 0, -0.987372, 0, -0.158417, -0.107636, 2, 0.938494)
mesh = SubResource("BoxMesh_2l33n")
skeleton = NodePath("")
surface_material_override/0 = SubResource("StandardMaterial3D_2l33n")

[node name="MeshInstance3D4" type="MeshInstance3D" parent="Geometry/RandomBLokcs/Blob7"]
transform = Transform3D(-0.993816, 0, 0.111035, 0, 1, 0, -0.111035, 0, -0.993816, 1.1, 2, 0.6)
mesh = SubResource("BoxMesh_2l33n")
skeleton = NodePath("")
surface_material_override/0 = SubResource("StandardMaterial3D_2l33n")

[node name="MeshInstance3D5" type="MeshInstance3D" parent="Geometry/RandomBLokcs/Blob7"]
transform = Transform3D(-0.350469, 0, 0.936574, 0, 1, 0, -0.936574, 0, -0.350469, 2.1, 2, -0.4)
mesh = SubResource("BoxMesh_2l33n")
skeleton = NodePath("")
surface_material_override/0 = SubResource("StandardMaterial3D_2l33n")

[node name="MeshInstance3D6" type="MeshInstance3D" parent="Geometry/RandomBLokcs/Blob7"]
transform = Transform3D(0.62674, 0, 0.779229, 0, 1, 0, -0.779229, 0, 0.62674, 0.599999, 2, -0.7)
mesh = SubResource("BoxMesh_2l33n")
skeleton = NodePath("")
surface_material_override/0 = SubResource("StandardMaterial3D_2l33n")

[node name="MeshInstance3D7" type="MeshInstance3D" parent="Geometry/RandomBLokcs/Blob7"]
transform = Transform3D(0.153158, 0, 0.988202, 0, 1, 0, -0.988202, 0, 0.153158, -0.1, 2, -1.7)
mesh = SubResource("BoxMesh_2l33n")
skeleton = NodePath("")
surface_material_override/0 = SubResource("StandardMaterial3D_2l33n")

[node name="Blob3" type="Node3D" parent="Geometry/RandomBLokcs"]
transform = Transform3D(1, 0, 0, 0, 0.985414, -0.170175, 0, 0.170175, 0.985414, 9, -0.9, -10)

[node name="MeshInstance3D" type="MeshInstance3D" parent="Geometry/RandomBLokcs/Blob3"]
transform = Transform3D(0.708019, 0, 0.706193, 0, 1, 0, -0.706193, 0, 0.708019, -1, 2, 0)
mesh = SubResource("BoxMesh_2l33n")
skeleton = NodePath("")
surface_material_override/0 = SubResource("StandardMaterial3D_2l33n")

[node name="MeshInstance3D2" type="MeshInstance3D" parent="Geometry/RandomBLokcs/Blob3"]
transform = Transform3D(0.990584, 0, -0.136909, 0, 1, 0, 0.136909, 0, 0.990584, -1, 2, -1)
mesh = SubResource("BoxMesh_2l33n")
skeleton = NodePath("")
surface_material_override/0 = SubResource("StandardMaterial3D_2l33n")

[node name="MeshInstance3D3" type="MeshInstance3D" parent="Geometry/RandomBLokcs/Blob3"]
transform = Transform3D(-0.158417, 0, 0.987372, 0, 1, 0, -0.987372, 0, -0.158417, -0.107636, 2, 0.938494)
mesh = SubResource("BoxMesh_2l33n")
skeleton = NodePath("")
surface_material_override/0 = SubResource("StandardMaterial3D_2l33n")

[node name="MeshInstance3D4" type="MeshInstance3D" parent="Geometry/RandomBLokcs/Blob3"]
transform = Transform3D(-0.993816, 0, 0.111035, 0, 1, 0, -0.111035, 0, -0.993816, 1.1, 2, 0.6)
mesh = SubResource("BoxMesh_2l33n")
skeleton = NodePath("")
surface_material_override/0 = SubResource("StandardMaterial3D_2l33n")

[node name="MeshInstance3D5" type="MeshInstance3D" parent="Geometry/RandomBLokcs/Blob3"]
transform = Transform3D(-0.350469, 0, 0.936574, 0, 1, 0, -0.936574, 0, -0.350469, 2.1, 2, -0.4)
mesh = SubResource("BoxMesh_2l33n")
skeleton = NodePath("")
surface_material_override/0 = SubResource("StandardMaterial3D_2l33n")

[node name="MeshInstance3D6" type="MeshInstance3D" parent="Geometry/RandomBLokcs/Blob3"]
transform = Transform3D(0.62674, 0, 0.779229, 0, 1, 0, -0.779229, 0, 0.62674, 0.599999, 2, -0.7)
mesh = SubResource("BoxMesh_2l33n")
skeleton = NodePath("")
surface_material_override/0 = SubResource("StandardMaterial3D_2l33n")

[node name="MeshInstance3D7" type="MeshInstance3D" parent="Geometry/RandomBLokcs/Blob3"]
transform = Transform3D(0.153158, 0, 0.988202, 0, 1, 0, -0.988202, 0, 0.153158, -0.1, 2, -1.7)
mesh = SubResource("BoxMesh_2l33n")
skeleton = NodePath("")
surface_material_override/0 = SubResource("StandardMaterial3D_2l33n")

[node name="Blob6" type="Node3D" parent="Geometry/RandomBLokcs"]
transform = Transform3D(1, 0, 0, 0, 0.985414, -0.170175, 0, 0.170175, 0.985414, 19, -0.9, 2)

[node name="MeshInstance3D" type="MeshInstance3D" parent="Geometry/RandomBLokcs/Blob6"]
transform = Transform3D(0.708019, 0, 0.706193, 0, 1, 0, -0.706193, 0, 0.708019, -1, 2, 0)
mesh = SubResource("BoxMesh_2l33n")
skeleton = NodePath("")
surface_material_override/0 = SubResource("StandardMaterial3D_2l33n")

[node name="MeshInstance3D2" type="MeshInstance3D" parent="Geometry/RandomBLokcs/Blob6"]
transform = Transform3D(0.990584, 0, -0.136909, 0, 1, 0, 0.136909, 0, 0.990584, -1, 2, -1)
mesh = SubResource("BoxMesh_2l33n")
skeleton = NodePath("")
surface_material_override/0 = SubResource("StandardMaterial3D_2l33n")

[node name="MeshInstance3D3" type="MeshInstance3D" parent="Geometry/RandomBLokcs/Blob6"]
transform = Transform3D(-0.158417, 0, 0.987372, 0, 1, 0, -0.987372, 0, -0.158417, -0.107636, 2, 0.938494)
mesh = SubResource("BoxMesh_2l33n")
skeleton = NodePath("")
surface_material_override/0 = SubResource("StandardMaterial3D_2l33n")

[node name="MeshInstance3D4" type="MeshInstance3D" parent="Geometry/RandomBLokcs/Blob6"]
transform = Transform3D(-0.993816, 0, 0.111035, 0, 1, 0, -0.111035, 0, -0.993816, 1.1, 2, 0.6)
mesh = SubResource("BoxMesh_2l33n")
skeleton = NodePath("")
surface_material_override/0 = SubResource("StandardMaterial3D_2l33n")

[node name="MeshInstance3D5" type="MeshInstance3D" parent="Geometry/RandomBLokcs/Blob6"]
transform = Transform3D(-0.350469, 0, 0.936574, 0, 1, 0, -0.936574, 0, -0.350469, 2.1, 2, -0.4)
mesh = SubResource("BoxMesh_2l33n")
skeleton = NodePath("")
surface_material_override/0 = SubResource("StandardMaterial3D_2l33n")

[node name="MeshInstance3D6" type="MeshInstance3D" parent="Geometry/RandomBLokcs/Blob6"]
transform = Transform3D(0.62674, 0, 0.779229, 0, 1, 0, -0.779229, 0, 0.62674, 0.599999, 2, -0.7)
mesh = SubResource("BoxMesh_2l33n")
skeleton = NodePath("")
surface_material_override/0 = SubResource("StandardMaterial3D_2l33n")

[node name="MeshInstance3D7" type="MeshInstance3D" parent="Geometry/RandomBLokcs/Blob6"]
transform = Transform3D(0.153158, 0, 0.988202, 0, 1, 0, -0.988202, 0, 0.153158, -0.1, 2, -1.7)
mesh = SubResource("BoxMesh_2l33n")
skeleton = NodePath("")
surface_material_override/0 = SubResource("StandardMaterial3D_2l33n")

[node name="Blob4" type="Node3D" parent="Geometry/RandomBLokcs"]
transform = Transform3D(1, 0, 0, 0, 0.965926, 0.258819, 0, -0.258819, 0.965926, 15, -0.903605, -17)

[node name="MeshInstance3D" type="MeshInstance3D" parent="Geometry/RandomBLokcs/Blob4"]
transform = Transform3D(0.708019, 0, 0.706193, 0, 1, 0, -0.706193, 0, 0.708019, -1, 2, 0)
mesh = SubResource("BoxMesh_2l33n")
skeleton = NodePath("")
surface_material_override/0 = SubResource("StandardMaterial3D_2l33n")

[node name="MeshInstance3D2" type="MeshInstance3D" parent="Geometry/RandomBLokcs/Blob4"]
transform = Transform3D(0.990584, 0, -0.136909, 0, 1, 0, 0.136909, 0, 0.990584, -1, 2, -1)
mesh = SubResource("BoxMesh_2l33n")
skeleton = NodePath("")
surface_material_override/0 = SubResource("StandardMaterial3D_2l33n")

[node name="MeshInstance3D3" type="MeshInstance3D" parent="Geometry/RandomBLokcs/Blob4"]
transform = Transform3D(-0.158417, 0, 0.987372, 0, 1, 0, -0.987372, 0, -0.158417, -0.107636, 2, 0.938494)
mesh = SubResource("BoxMesh_2l33n")
skeleton = NodePath("")
surface_material_override/0 = SubResource("StandardMaterial3D_2l33n")

[node name="MeshInstance3D4" type="MeshInstance3D" parent="Geometry/RandomBLokcs/Blob4"]
transform = Transform3D(-0.993816, 0, 0.111035, 0, 1, 0, -0.111035, 0, -0.993816, 1.1, 2, 0.6)
mesh = SubResource("BoxMesh_2l33n")
skeleton = NodePath("")
surface_material_override/0 = SubResource("StandardMaterial3D_2l33n")

[node name="MeshInstance3D5" type="MeshInstance3D" parent="Geometry/RandomBLokcs/Blob4"]
transform = Transform3D(-0.350469, 0, 0.936574, 0, 1, 0, -0.936574, 0, -0.350469, 2.1, 2, -0.4)
mesh = SubResource("BoxMesh_2l33n")
skeleton = NodePath("")
surface_material_override/0 = SubResource("StandardMaterial3D_2l33n")

[node name="MeshInstance3D6" type="MeshInstance3D" parent="Geometry/RandomBLokcs/Blob4"]
transform = Transform3D(0.62674, 0, 0.779229, 0, 1, 0, -0.779229, 0, 0.62674, 0.599999, 2, -0.7)
mesh = SubResource("BoxMesh_2l33n")
skeleton = NodePath("")
surface_material_override/0 = SubResource("StandardMaterial3D_2l33n")

[node name="MeshInstance3D7" type="MeshInstance3D" parent="Geometry/RandomBLokcs/Blob4"]
transform = Transform3D(0.153158, 0, 0.988202, 0, 1, 0, -0.988202, 0, 0.153158, -0.1, 2, -1.7)
mesh = SubResource("BoxMesh_2l33n")
skeleton = NodePath("")
surface_material_override/0 = SubResource("StandardMaterial3D_2l33n")

[node name="Blob5" type="Node3D" parent="Geometry/RandomBLokcs"]
transform = Transform3D(1, 0, 0, 0, 0.965926, 0.258819, 0, -0.258819, 0.965926, 18, -0.903605, -3)

[node name="MeshInstance3D" type="MeshInstance3D" parent="Geometry/RandomBLokcs/Blob5"]
transform = Transform3D(0.708019, 0, 0.706193, 0, 1, 0, -0.706193, 0, 0.708019, -1, 2, 0)
mesh = SubResource("BoxMesh_2l33n")
skeleton = NodePath("")
surface_material_override/0 = SubResource("StandardMaterial3D_2l33n")

[node name="MeshInstance3D2" type="MeshInstance3D" parent="Geometry/RandomBLokcs/Blob5"]
transform = Transform3D(0.990584, 0, -0.136909, 0, 1, 0, 0.136909, 0, 0.990584, -1, 2, -1)
mesh = SubResource("BoxMesh_2l33n")
skeleton = NodePath("")
surface_material_override/0 = SubResource("StandardMaterial3D_2l33n")

[node name="MeshInstance3D3" type="MeshInstance3D" parent="Geometry/RandomBLokcs/Blob5"]
transform = Transform3D(-0.158417, 0, 0.987372, 0, 1, 0, -0.987372, 0, -0.158417, -0.107636, 2, 0.938494)
mesh = SubResource("BoxMesh_2l33n")
skeleton = NodePath("")
surface_material_override/0 = SubResource("StandardMaterial3D_2l33n")

[node name="MeshInstance3D4" type="MeshInstance3D" parent="Geometry/RandomBLokcs/Blob5"]
transform = Transform3D(-0.993816, 0, 0.111035, 0, 1, 0, -0.111035, 0, -0.993816, 1.1, 2, 0.6)
mesh = SubResource("BoxMesh_2l33n")
skeleton = NodePath("")
surface_material_override/0 = SubResource("StandardMaterial3D_2l33n")

[node name="MeshInstance3D5" type="MeshInstance3D" parent="Geometry/RandomBLokcs/Blob5"]
transform = Transform3D(-0.350469, 0, 0.936574, 0, 1, 0, -0.936574, 0, -0.350469, 2.1, 2, -0.4)
mesh = SubResource("BoxMesh_2l33n")
skeleton = NodePath("")
surface_material_override/0 = SubResource("StandardMaterial3D_2l33n")

[node name="MeshInstance3D6" type="MeshInstance3D" parent="Geometry/RandomBLokcs/Blob5"]
transform = Transform3D(0.62674, 0, 0.779229, 0, 1, 0, -0.779229, 0, 0.62674, 0.599999, 2, -0.7)
mesh = SubResource("BoxMesh_2l33n")
skeleton = NodePath("")
surface_material_override/0 = SubResource("StandardMaterial3D_2l33n")

[node name="MeshInstance3D7" type="MeshInstance3D" parent="Geometry/RandomBLokcs/Blob5"]
transform = Transform3D(0.153158, 0, 0.988202, 0, 1, 0, -0.988202, 0, 0.153158, -0.1, 2, -1.7)
mesh = SubResource("BoxMesh_2l33n")
skeleton = NodePath("")
surface_material_override/0 = SubResource("StandardMaterial3D_2l33n")

[node name="playerController" parent="." instance=ExtResource("2_hdc4b")]
transform = Transform3D(1, 0, 0, 0, 1, 0, 0, 0, 1, 2.05212, 1, 0)
debug = false
acceleration = 0.025
deceleration = 0.025
jump_velocity = 5.5
